44 44 46 44 44 46 47 48 44 48 46 47 47 47 47 44 47 46 47 47 43 47 43 47 47 43 46 49 48 46 49 46 49 46 47 49 47 46 48 44 46 47 43 46 47 46 44 46 46 44 46 47 43 46 47 46 46 46 44 46 45 46 47 47 46 46 47 47 46 45 46 46 44 47 44 47 47 46 46 46 45 46 44 46 44 46 47 44 46 44 45 46 46 44 44 47 46 46 48 46 46 48 47
44 46 44 44 46 47 48 44 48 46 47 47 47 47 44 47 46 47 47 43 47 43 47 47 43 46 49 48 46 49 46 49 46 47 49 47 46 48 44 46 47 43 46 47 46 44 46 46 44 46 47 43 46 47 46 46 46 44 46 45 46 47 47 46 46 47 47 46 45 46 46 44 47 44 47 47 46 46 46 45 46 44 46 44 46 47 44 46 44 45 46 46 44 44 47 46 46 48 46 48 48 47 47
46 44 44 46 47 48 44 48 46 47 47 47 47 44 47 46 47 47 43 47 43 47 47 43 46 49 48 46 49 46 49 46 47 49 47 46 48 44 46 47 43 46 47 46 44 46 46 44 46 47 43 46 47 46 46 46 44 46 45 46 47 47 46 46 47 47 46 45 46 46 44 47 44 47 47 46 46 46 45 46 44 46 44 46 47 44 46 44 45 46 46 44 44 47 46 46 48 46 48 47 47 47 46
44 44 46 47 48 44 48 46 47 47 47 47 44 47 46 47 47 43 47 43 47 47 43 46 49 48 46 49 46 49 46 47 49 47 46 48 44 46 47 43 46 47 46 44 46 46 44 46 47 43 46 47 46 46 46 44 46 45 46 47 47 46 46 47 47 46 45 46 46 44 47 44 47 47 46 46 46 45 46 44 46 44 46 47 44 46 44 45 46 46 44 44 47 46 46 48 46 48 47 47 47 46 45
44 46 47 48 44 48 46 47 47 47 47 44 47 46 47 47 43 47 43 47 47 43 46 49 48 46 49 46 49 46 47 49 47 46 48 44 46 47 43 46 47 46 44 46 46 44 46 47 43 46 47 46 46 46 44 46 45 46 47 47 46 46 47 47 46 45 46 46 44 47 44 47 47 46 46 46 45 46 44 46 44 46 47 44 46 44 45 46 46 44 44 47 46 46 48 46 48 47 47 46 46 45 47
46 47 48 44 48 46 47 47 47 47 44 47 46 47 47 43 47 43 47 47 43 46 49 48 46 49 46 49 46 47 49 47 46 48 44 46 47 43 46 47 46 44 46 46 44 46 47 43 46 47 46 46 46 44 46 45 46 47 47 46 46 47 47 46 45 46 46 44 47 44 47 47 46 46 46 45 46 44 46 44 46 47 44 46 44 45 46 46 44 44 47 46 46 48 46 48 47 47 46 45 45 47 47
47 48 44 48 46 47 47 47 47 44 47 46 47 47 43 47 43 47 47 43 46 49 48 46 49 46 49 46 47 49 47 46 48 44 46 47 43 46 47 46 44 46 46 44 46 47 43 46 47 46 46 46 44 46 45 46 47 47 46 46 47 47 46 45 46 46 44 47 44 47 47 46 46 46 45 46 44 46 44 46 47 44 46 44 45 46 46 44 44 47 46 46 48 46 48 47 47 46 45 47 47 47 46
48 44 48 46 47 47 47 47 44 47 46 47 47 43 47 43 47 47 43 46 49 48 46 49 46 49 46 47 49 47 46 48 44 46 47 43 46 47 46 44 46 46 44 46 47 43 46 47 46 46 46 44 46 45 46 47 47 46 46 47 47 46 45 46 46 44 47 44 47 47 46 46 46 45 46 44 46 44 46 47 44 46 44 45 46 46 44 44 47 46 46 48 46 48 47 47 46 45 47 47 47 46 46
44 48 46 47 47 47 47 44 47 46 47 47 43 47 43 47 47 43 46 49 48 46 49 46 49 46 47 49 47 46 48 44 46 47 43 46 47 46 44 46 46 44 46 47 43 46 47 46 46 46 44 46 45 46 47 47 46 46 47 47 46 45 46 46 44 47 44 47 47 46 46 46 45 46 44 46 44 46 47 44 46 44 45 46 46 44 44 47 46 46 48 46 48 47 47 46 45 47 47 46 46 46 45
48 46 47 47 47 47 44 47 46 47 47 43 47 43 47 47 43 46 49 48 46 49 46 49 46 47 49 47 46 48 44 46 47 43 46 47 46 44 46 46 44 46 47 43 46 47 46 46 46 44 46 45 46 47 47 46 46 47 47 46 45 46 46 44 47 44 47 47 46 46 46 45 46 44 46 44 46 47 44 46 44 45 46 46 44 44 47 46 46 48 46 48 47 47 46 45 47 47 46 46 46 45 46
46 47 47 47 47 44 47 46 47 47 43 47 43 47 47 43 46 49 48 46 49 46 49 46 47 49 47 46 48 44 46 47 43 46 47 46 44 46 46 44 46 47 43 46 47 46 46 46 44 46 45 46 47 47 46 46 47 47 46 45 46 46 44 47 44 47 47 46 46 46 45 46 44 46 44 46 47 44 46 44 45 46 46 44 44 47 46 46 48 46 48 47 47 46 45 47 47 46 46 45 45 46 46
47 47 47 47 44 47 46 47 47 43 47 43 47 47 43 46 49 48 46 49 46 49 46 47 49 47 46 48 44 46 47 43 46 47 46 44 46 46 44 46 47 43 46 47 46 46 46 44 46 45 46 47 47 46 46 47 47 46 45 46 46 44 47 44 47 47 46 46 46 45 46 44 46 44 46 47 44 46 44 45 46 46 44 44 47 46 46 48 46 48 47 47 46 45 47 47 46 46 45 46 46 46 47
47 47 47 44 47 46 47 47 43 47 43 47 47 43 46 49 48 46 49 46 49 46 47 49 47 46 48 44 46 47 43 46 47 46 44 46 46 44 46 47 43 46 47 46 46 46 44 46 45 46 47 47 46 46 47 47 46 45 46 46 44 47 44 47 47 46 46 46 45 46 44 46 44 46 47 44 46 44 45 46 46 44 44 47 46 46 48 46 48 47 47 46 45 47 47 46 46 45 46 46 46 47 45
47 47 44 47 46 47 47 43 47 43 47 47 43 46 49 48 46 49 46 49 46 47 49 47 46 48 44 46 47 43 46 47 46 44 46 46 44 46 47 43 46 47 46 46 46 44 46 45 46 47 47 46 46 47 47 46 45 46 46 44 47 44 47 47 46 46 46 45 46 44 46 44 46 47 44 46 44 45 46 46 44 44 47 46 46 48 46 48 47 47 46 45 47 47 46 46 45 46 46 47 47 45 47
47 44 47 46 47 47 43 47 43 47 47 43 46 49 48 46 49 46 49 46 47 49 47 46 48 44 46 47 43 46 47 46 44 46 46 44 46 47 43 46 47 46 46 46 44 46 45 46 47 47 46 46 47 47 46 45 46 46 44 47 44 47 47 46 46 46 45 46 44 46 44 46 47 44 46 44 45 46 46 44 44 47 46 46 48 46 48 47 47 46 45 47 47 46 46 45 46 46 47 45 45 47 47
44 47 46 47 47 43 47 43 47 47 43 46 49 48 46 49 46 49 46 47 49 47 46 48 44 46 47 43 46 47 46 44 46 46 44 46 47 43 46 47 46 46 46 44 46 45 46 47 47 46 46 47 47 46 45 46 46 44 47 44 47 47 46 46 46 45 46 44 46 44 46 47 44 46 44 45 46 46 44 44 47 46 46 48 46 48 47 47 46 45 47 47 46 46 45 46 46 47 45 47 47 47 47
47 46 47 47 43 47 43 47 47 43 46 49 48 46 49 46 49 46 47 49 47 46 48 44 46 47 43 46 47 46 44 46 46 44 46 47 43 46 47 46 46 46 44 46 45 46 47 47 46 46 47 47 46 45 46 46 44 47 44 47 47 46 46 46 45 46 44 46 44 46 47 44 46 44 45 46 46 44 44 47 46 46 48 46 48 47 47 46 45 47 47 46 46 45 46 46 47 45 47 47 47 47 47
46 47 47 43 47 43 47 47 43 46 49 48 46 49 46 49 46 47 49 47 46 48 44 46 47 43 46 47 46 44 46 46 44 46 47 43 46 47 46 46 46 44 46 45 46 47 47 46 46 47 47 46 45 46 46 44 47 44 47 47 46 46 46 45 46 44 46 44 46 47 44 46 44 45 46 46 44 44 47 46 46 48 46 48 47 47 46 45 47 47 46 46 45 46 46 47 45 47 47 47 47 47 46
47 47 43 47 43 47 47 43 46 49 48 46 49 46 49 46 47 49 47 46 48 44 46 47 43 46 47 46 44 46 46 44 46 47 43 46 47 46 46 46 44 46 45 46 47 47 46 46 47 47 46 45 46 46 44 47 44 47 47 46 46 46 45 46 44 46 44 46 47 44 46 44 45 46 46 44 44 47 46 46 48 46 48 47 47 46 45 47 47 46 46 45 46 46 47 45 47 47 47 47 47 46 44
47 43 47 43 47 47 43 46 49 48 46 49 46 49 46 47 49 47 46 48 44 46 47 43 46 47 46 44 46 46 44 46 47 43 46 47 46 46 46 44 46 45 46 47 47 46 46 47 47 46 45 46 46 44 47 44 47 47 46 46 46 45 46 44 46 44 46 47 44 46 44 45 46 46 44 44 47 46 46 48 46 48 47 47 46 45 47 47 46 46 45 46 46 47 45 47 47 47 47 46 46 44 47
