326.75
326.75
326.8
326.79
326.74
326.76
326.82
326.88
326.88
326.92
326.9
326.9
326.86
326.86
326.92
327
326.93
326.9
326.86
326.87
326.88
326.85
326.84
326.85
326.84
326.84
326.88
326.87
326.86
326.86
326.89
326.89
326.88
326.86
326.91
326.87
326.84
326.8
326.78
326.7
326.73
326.75
326.73
326.65
326.64
326.68
326.67
326.67
326.55
326.48
326.36
326.65
326.73
326.77
326.72
326.71
326.73
326.78
327.1
326.93
326.96
326.9
326.84
326.85
326.84
326.75
326.7
326.7
326.66
326.68
326.68
326.65
326.66
326.65
326.57
326.59
326.63
326.58
326.57
326.59
326.61
326.51
326.54
326.51
326.55
326.49
326.5
326.57
326.54
326.48
326.5
326.5
326.49
326.46
326.44
326.4
326.43
326.49
326.44
326.37
326.49
326.57
326.5
326.3
326.35
326.45
326.43
326.4
326.32
326.32
326.69
326.81
326.86
326.91
326.95
326.93
326.91
326.9
326.8
326.74
326.77
326.76
326.76
326.75
326.78
326.76
326.77
326.85
326.75
326.78
326.79
326.78
326.84
326.88
326.86
326.87
326.87
326.85
326.83
326.8
326.84
326.81
326.8
326.79
326.79
326.78
326.76
326.72
326.74
326.73
326.74
326.79
326.79
326.77
326.74
326.75
326.73
326.65
326.64
326.6
326.58
326.64
326.64
326.61
326.6
326.62
326.63
326.6
326.55
326.57
326.53
326.5
326.52
326.54
326.55
326.57
326.59
326.54
326.58
326.54
326.51
326.52
326.56
326.58
326.57
326.55
326.62
326.74
326.76
326.79
326.76
326.85
326.84
326.8
326.8
326.82
326.66
326.79
326.65
326.5