324.5
324.2
324.5
324.1
323.9
323.9
324.49
324.6
324.47
324.55
324.55
324.68
324.7
324.7
324.6
324.54
324.54
324.54
324.53
324.53
324.5
324.5
324.47
324.3
324.32
324.45
324.5
324.45
324.5
324.5
324.5
324.59
324.6
324.6
324.52
324.6
324.6
324.62
324.6
324.56
324.55
324.62
324.55
324.55
324.6
324.62
324.62
324.6
324.57
324.55
324.55
324.5
324.45
324.45
324.35
324.3
324.3
324.32
324.21
324.3
324.27
324.26
324.25
324.25
324.25
324.3
324.26
324.4
324.26
324.2
324.2
324.4
324.5
324.5
324.5
324.65
324.55
324.6
324.6
324.55
324.6
324.5
324.59
324.55
324.45
324.55
324.55
324.4
324.41
324.42
324.5
324.42
324.4
324.4
324.5
324.42
324.42
324.5
324.5
324.45
324.35
324.42
324.4
324.4
324.36
324.31
324.5
324.55
324.6
324.6
324.65
324.61
324.6
324.61
324.51
324.5
324.5
324.5
324.5
324.5
324.58
324.58
324.58
324.65
324.65
324.6
324.6
324.6
324.5
324.5
324.5
324.5
324.5
324.5
324.5
324.5
324.5
324.5
324.5
324.48
324.45
324.4
324.4
324.4
324.4
324.4
324.4
324.38
324.36
324.31
324.4
324.35
324.45
324.49
324.5
324.45
324.49
324.49
324.46
324.45
324.5
324.55
324.55
324.59
324.6
324.6
324.6
324.57
324.6
324.57
324.55
324.45
324.41
324.45
324.5
324.59
324.6
324.6
324.55
324.46
324.4
324.3
324.4
324.27
324.3
324.26
324.35
324.3
324.3
324.5
324.4
324.48
324.45
324.4
324.35
324.25
324.21
324.2
324.25
324.3